my_num1 <- 2.33
my_num1
my_num2 <- 2.0
my_num2
my_num3 <- 2
my_num3